10
5.635074449879384701e+02 1.112176287883411874e+01 -1.150698131862980915e+02 -1.764655297738848390e+02 -7.417682414641518562e+00 -8.667990924665701868e+00 -1.305376510819297096e+02 4.111728797822223669e+00 -1.823308806358900824e+02 -7.203304852719462303e+01
-2.083266218966849692e+01 5.878874422092054601e+02 6.229904360405633668e+01 -8.943171032619513028e+01 -3.480191897810222201e+01 2.230275579192608859e+01 1.650186565389871873e+01 4.571476196236552880e+01 -7.392078475157953221e+01 -9.675104973430785549e+01
-1.433119571976586428e+02 -6.465277567247989055e+01 5.486786495118942639e+02 -8.991215147483490000e+01 -1.180423734849924244e+01 -7.025566698420951184e+01 -1.907428828687804412e+02 -9.746758044342867322e+01 -5.515229582047260237e+01 -5.242515840606480992e+01
-1.432748308911739059e+02 -8.220419691151462871e+01 -3.703330009519919486e+01 8.369113150571503184e+02 -1.256830023114162032e+02 2.426084664259349211e-01 -5.565811478979580329e+01 -1.667256598434799457e+02 -1.444277867193329712e+02 -1.592887936842711838e+01
1.098468172336917235e+02 4.966942365996619912e+01 8.591301164254410594e+00 9.039561072186056379e+01 3.851388861619640807e+02 1.592620511685542795e+02 5.737559960576702167e+01 7.947619284870422973e+01 3.102321897042816090e+01 1.132132524809207439e+02
4.654370840162272316e+00 -7.181690370481526031e+01 -8.345995871325422399e+01 -6.789910345415273696e+01 -3.335215753133324768e+01 5.361798975965140244e+02 -3.626558736754282108e+01 -8.503105904539978610e+00 -6.066916921213532987e+00 -1.417299849056185508e+02
6.163282566410230601e+01 3.960826006872539296e+01 9.341245469575730453e+01 2.915836109739475290e+01 9.194613330764028092e+01 -5.674136821261837582e+01 6.448387603325838882e+02 1.108826142796347654e+02 5.282774248734076394e+01 -5.359868656627779870e+01
-2.019012037952131777e+01 -1.391561437476848937e+02 -1.375341860844153530e+01 -1.016872901835280487e+02 1.885100767041359404e+01 -1.800131881377976129e+01 -1.255905707708399177e+01 6.918418824951709212e+02 -8.519393041819890300e+01 9.270058175077878104e+00
-1.715624707861044840e+01 1.013680941415548347e+02 4.948623820960607134e+01 6.160486097531024541e+01 -9.843514781317949769e+00 -2.883790568714256608e+01 4.548597396434715279e+01 7.667982880710748361e+01 7.676865319124743792e+02 -3.266334977108273563e+01
-1.909283552735064404e+01 -3.306272776129475233e-01 7.130885629794337888e+01 -5.334915221834282306e+01 -3.461181852104837731e+01 8.216517016244540628e+01 6.700164891070335216e+01 -9.334180216858300128e+00 -8.222566317530032620e+01 6.323277357419088958e+02
4.959800277201168228e+01
-6.308698076437118374e+01
-8.667782991980020313e+01
-3.616003859659316078e+01
-1.006599062707029191e+01
8.737195458985743812e+01
8.343764619714241348e+01
-1.736761618096677751e+01
1.758652561367979672e+01
3.218747097655904099e+01
